2	M	21	170	62	甘肃	甘肃	农村		21	00	6	00	23	00	6	00	24	00	7	20	4	3	N	3	Y	Y	N			
3	M	25	161	80	山东	山东	农村		20	00	6	00	01	00	5	00	1	00	9	00	234	3	N	3	Y	N	N			
4	M	21	170	70	陕西	陕西	大城市		22	00	07	00	23	00	07	00	24	30	07	30	25	3	N	1	Y	Y	Y			
5	M	19	166	65	贵州	贵州	农村		21	00	7	00	22	00	6	30	24	00	7	00	1	2	N	1	N	N	N			
6	M	24	180	68	山东	山东	中小城市	22	00	6	30	23	00	7	00	1	00	9	00	12	1	Y	2	Y	N	Y			
7	M	21	180	75	杭州	北京	中小城市	20	00	7	00	23	30	06	00	24	00	9	00	234	1	Y	1	Y	Y	N			
8	F	21	165	60	安徽	安徽	中小城市	21	00	7	00	23	00	7	00	24	00	7	00	13	3	N	1	Y	N	N			
9	F	20	174	55	辽宁	辽宁	中小城市	20	00	6	00	24	00	5	30	24	00	7	00	0	1	Y	3	Y	Y	N			
10	F	21	165	57	北京	河南	农村		21	00	7	00	23	00	6	00	24	00	7	00	0	2	N	1	N	N	N			
11	F	16	164	58	安徽	安徽	农村		20	00	06	00	23	30	06	30	24	15	07	00	25	2	N	1	N	Y	N			
12	F	19	159	60	安徽	北京	农村		22	00	06	00	23	30	05	50	24	30	07	00	23	1	N	1	N	N	Y			
13	F	20	165	53	北京	北京	大城市		21	00	6	30	23	00	6	00	23	00	6	50	2	2	Y	3	Y	Y	Y			
14	M	18	178	60	安徽	安徽	农村		20	00	7	00	23	30	6	20	1	00	7	00	35	3	N	1	Y	Y	N			
15	F	19	168	65	北京	北京	大城市		21	00	5	50	22	00	6	00	24	30	7	05	135	3	N	1	Y	Y	N			
16	F	19	167	47	安徽	北京	中小城市	20	30	6	00	23	00	6	30	1	00	7	00	125	3	Y	3	N	Y	Y			
17	F	18	160	46	北京	北京	大城市		22	00	9	00	24	00	6	00	23	00	7	00	0	3	Y	3	N	Y	N			
18	M	21	170	50	江苏	江苏	中小城市	20	00	7	30	21	00	7	30	24	00	7	00	3	3	Y	1	N	N	N			
19	M	18	174	70	香港	北京	大城市		22	00	07	00	23	00	07	00	24	00	07	00	235	1	N	1	N	N	N			
20	M	18	183	70	云南	云南	中小城市	21	00	7	00	23	00	6	00	24	00	8	00	3	3	Y	1	Y	Y	Y			
21	F	21	163	49	山西	山西	中小城市	22	00	07	00	12	00	06	00	24	00	08	00	15	3	Y	1	N	Y	N			
22	F	20	169	51	美国	北京	大城市		22	00	6	00	22	00	5	20	24	00	7	00	45	3	N	1	Y	Y	Y			
23	F	21	168	50	辽宁	辽宁	农村		20	00	7	00	23	00	6	30	24	00	8	00	235	3	N	1	Y	Y	N			
24	M	22	175	58	河南	河南	农村		21	00	6	00	22	30	5	30	1	00	9	00	135	3	N	3	N	N	N			
25	M	18	178	65	安徽	安徽	中小城市	21	00	7	00	22	00	6	00	24	00	7	00	0	3	Y	3	N	N	N			
26	M	18	173	63	湖南	湖南	农村		21	00	07	00	22	30	06	00	24	00	07	10	3	1	Y	1	Y	N	N			
27	F	18	165	51	四川	青海	中小城市	21	00	7	00	23	00	6	30	23	30	7	00	35	2	Y	1	Y	Y	Y			
28	F	21	170	51	辽宁	北京	大城市		22	00	07	00	23	30	07	00	24	00	08	30	25	1	N	3	Y	Y	Y			
29	M	19	175	70	浙江	浙江	中小城市	20	00	06	30	22	00	06	30	23	00	6	20	1	3	N	3	N	Y	Y			
30	M	21	173	56	四川	四川	中小城市	21	00	7	00	20	00	7	00	23	30	7	15	23	2	Y	1	Y	N	N			
31	F	21	156	46	云南	云南	农村		21	00	6	30	23	00	7	30	24	30	9	00	34	3	Y	1	N	N	N			
32	M	18	174	70	湖北	湖北	中小城市	20	00	08	00	23	00	06	00	24	00	07	00	34	3	N	1	N	Y	N			
33	F	20	155	44	山西	山西	中小城市	21	00	7	30	23	00	6	00	24	00	5	30	245	0	Y	2	N	Y	N			
34	M	20	172	62	浙江	浙江	中小城市	20	00	06	00	22	00	05	30	23	00	07	00	12	1	Y	1	Y	Y	Y			
35	F	21	162	50	江西	江西	中小城市	20	00	7	00	24	00	6	30	1	00	8	20	3	3	N	1	N	Y	N			
36	M	22	172	55	贵州	北京	农村		21	00	7	00	22	00	7	00	24	30	7	20	23	1	Y	1	N	Y	Y			
37	F	19	153	49	江西	江西	农村		22	00	06	30	23	00	06	50	23	30	06	50	13	1	N	1	Y	N	N			
38	F	20	163	58	马来西亚   马来西亚  中小城市	22	00	6	00	24	00	5	45	24	30	6	30	125	3	N	2	Y	Y	Y			
39	M	18	172	67	湖南	湖南	中小城市	20	00	6	00	23	00	6	30	23	30	6	30	134	1	Y	3	Y	N	N			
40	F	50	155	80	美国	美国	大城市		20	00	7	00	1	00	6	00	1	00	9	00	235	1	N	1	N	N	N			
41	M	21	170	93	云南	云南	中小城市	21	00	07	00	23	00	6	30	02	00	09	00	34	1	N	3	N	Y	Y			
42	M	22	180	70	辽宁	辽宁	中小城市	21	00	07	00	24	00	06	50	01	00	09	00	25	1	N	1	N	N	N			
43	M	19	178	64	山东	山东	大城市		20	00	7	00	23	30	6	00	1	00	8	00	5	1	N	1	Y	N	N			
44	M	20	189	74	江苏	江苏	中小城市	20	00	6	30	22	30	5	50	23	30	7	20	0	3	N	1	N	N	N			
45	M	20	173	57	河南	河南	农村		21	00	6	00	22	00	5	00	24	00	8	00	124	3	Y	2	N	N	N			
46	M	20	165	60	甘肃	甘肃	农村		21	00	6	00	23	00	5	45	24	00	08	00	35	1	N	1	N	N	N			
47	M	17	173	57	河南	河南	农村		20	00	7	00	22	30	5	30	23	30	8	00	345	3	N	2	N	Y	N			
48	M	20	183	71	湖南	湖南	中小城市	20	30	06	30	22	30	6	30	24	00	07	30	23	1	N	1	Y	N	N			
49	F	22	164	60	山东	山东	农村		20	30	7	00	22	30	5	40	23	00	6	30	15	2	Y	3	N	N	Y			
50	M	21	182	85	山东	山东	农村		21	00	07	00	22	00	06	00	24	00	08	00	23	3	N	2	N	Y	N			
51	M	28	175	73.5	湖南	湖南	中小城市	21	00	7	0	22	30	7	30	24	00	8	00	13	1	Y	1	N	Y	N			
52	M	19	165	52	河南	河南	农村		21	00	06	30	22	00	05	00	24	00	05	30	1	0	N	3	N	Y	N			
53	F	21	161	52	山西	山西	中小城市	20	00	7	30	23	00	7	00	24	00	7	30	3	1	N	2	N	N	N			
54	F	19	167	58	湖南	湖南	中小城市	22	30	07	00	24	00	06	20	24	00	07	00	13	3	Y	3	Y	N	Y			
55	M	22	175	79	甘肃	甘肃	农村		22	00	6	00	23	00	6	00	24	00	6	30	2	3	N	2	N	N	N			
56	F	21	158	48	湖南	湖南	中小城市	20	00	6	00	23	30	6	40	23	30	7	20	14	3	Y	1	N	N	N			
57	F	21	165	51	安徽	安徽	农村		21	00	7	00	24	00	6	00	24	00	8	00	13	3	N	3	N	N	N			
58	M	18	175	75	福建	福建	大城市		20	00	7	00	24	30	6	30	1	20	7	20	1	3	Y	1	Y	Y	N			
59	F	21	167	55	江苏	江苏	农村		21	00	6	30	22	00	6	10	1	00	9	00	0	1	Y	1	N	Y	Y			
60	F	23	163	51	湖南	长沙	中小城市	10	00	07	00	22	30	06	40	23	00	07	30	0	1	N	1	Y	Y	N			
61	F	19	160	50	河南	河南	中小城市	21	00	07	00	23	00	06	00	24	00	07	00	15	2	Y	2	N	N	Y			
62	M	18	170	50	浙江	浙江	中小城市	21	00	6	00	22	00	6	00	23	00	6	00	2345	1	Y	1	Y	Y	N			
63	M	19	172	65	山西	山西	中小城市	22	00	06	40	23	30	06	10	24	00	7	00	14	0	N	2	Y	Y	Y			
64	M	19	183	62	河南	河南	农村		21	00	6	00	23	00	6	00	24	00	6	30	45	0	Y	2	N	Y	Y			
65	M	20	172	65	山西	山西	农村		23	00	8	00	22	30	7	30	01	30	07	30	1	2	N	3	N	N	N			
66	M	18	170	59	河南	河南	农村		20	00	8	00	22	40	6	00	24	00	6	20	35	2	N	3	N	N	N			
67	M	21	176	74	湖南	湖南	农村		22	00	7	30	22	30	6	30	23	30	7	30	23	1	N	1	Y	Y	Y			
68	F	18	160	50	陕西	陕西	中小城市	22	00	07	00	24	00	07	00	24	00	07	00	0	0	N	3	N	N	N			
69	M	18	178	85	山西	山西	农村		22	30	6	30	23	30	6	30	24	00	6	15	5	3	N	3	N	N	N			
70	M	18	183	65	陕西	陕西	中小城市	21	30	07	00	24	00	06	40	24	00	07	30	123	3	Y	2	Y	N	N			
71	F	19	158	51	黑龙江	黑龙江	中小城市	20	00	7	00	22	00	6	00	24	00	7	00	23	3	Y	1	Y	Y	N			
72	F	18	158	46	湖北	湖北	中小城市	21	00	7	00	23	30	5	50	1	30	7	00	12	1	Y	3	N	N	N			
73	M	17	168	68	江西	江西	农村		20	30	7	30	23	30	6	20	23	55	6	10	23	1	N	1	Y	Y	Y			
74	M	19	171	51	广东	广东	中小城市	22	00	6	30	22	30	6	00	24	00	7	00	1	1	Y	1	N	Y	Y			
75	F	19	165	48	北京	北京	大城市		21	00	06	00	23	00	06	00	23	30	06	30	3	3	Y	1	N	Y	N			
76	F	17	160	54	河南	河南	农村		20	30	7	00	23	00	5	40	0	30	7	20	1345	0	N	2	N	N	N			
77	F	21	161	43	甘肃	甘肃	农村		21	00	7	00	22	00	6	30	23	00	7	00	135	0	N	3	Y	Y	N			
78	M	18	176	73	浙江	浙江	中小城市	20	00	6	30	22	30	5	50	23	30	7	20	25	3	Y	1	N	N	N			
79	M	21	173	57	内蒙古	内蒙古	农村		21	30	06	00	22	00	06	00	00	00	07	00	234	3	N	1	N	N	N			
80	F	30	160	51	安徽	安徽	农村		21	00	06	30	22	00	05	45	22	00	07	20	134	1	Y	3	N	N	N			
81	F	46	168	42	甘肃	甘肃	农村		19	30	06	30	20	30	05	00	23	00	08	00	145	0	N	2	N	N	N			
82	F	21	160	45	河南	河南	农村		21	00	6	00	22	00	4	30	23	00	6	30	234	0	Y	2	N	N	Y			
83	F	21	174	61	山东	山东	中小城市	20	00	07	00	20	30	06	50	23	00	07	20	145	2	Y	3	N	Y	N			
84	F	22	163	50	浙江	哈尔滨	中小城市	19	00	7	00	21	00	6	00	23	00	7	00	2345	0	Y	2	N	N	N			
85	M	22	183	71	江苏	北京	中小城市	21	00	6	00	22	00	6	00	24	00	9	00	15	3	Y	1	Y	Y	Y			
86	M	22	173	58	甘肃	甘肃	农村		20	00	7	00	23	00	5	30	01	00	6	00	35	1	N	2	N	N	N			
87	F	20	162	48	湖北	湖北	中小城市	20	00	8	00	21	00	7	00	23	30	7	00	1	1	Y	1	N	N	Y			
88	M	19	163	51	四川	四川	农村		21	00	6	00	23	00	6	00	01	00	8	00	135	1	N	1	N	Y	N			
89	F	22	168	58	甘肃	甘肃	中小城市	20	00	06	30	22	00	06	30	02	00	12	00	23	3	N	3	N	N	N			
90	M	21	193	78	甘肃	甘肃	中小城市	21	30	6	00	24	00	6	20	24	30	8	00	0	1	N	3	N	N	Y			
91	M	21	175	85	黑龙江	黑龙江	中小城市	21	30	22	00	22	00	22	30	22	30	23	00	24	1	Y	1	Y	Y	N			
92	F	19	165	55	湖北	湖北	中小城市	22	00	7	00	22	30	6	30	23	30	6	00	12	3	Y	3	Y	Y	N			
93	F	21	167	53	四川	四川	大城市		22	00	7	00	00	00	06	50	24	30	8	30	23	3	N	1	Y	Y	Y			
94	M	19	165	53	四川	北京	农村		21	00	7	00	23	00	7	00	0	30	7	00	23	1	N	1	Y	Y	N			
95	M	21	180	74	北京	北京	大城市		21	00	7	00	22	00	7	00	23	30	8	00	0	3	Y	1	N	Y	N			
96	M	18	178	55	安徽	安徽	农村		20	00	8	00	23	00	6	00	23	00	6	00	0	1	Y	1	N	N	Y			
97	F	24	168	57	甘肃	甘肃	农村		21	00	10	00	21	00	10	00	22	11	10	11	0	3	Y	2	N	N	N			
98	M	22	172	52	黑龙江	黑龙江	中小城市	22	00	7	00	22	00	7	00	23	30	7	30	135	1	Y	1	Y	N	N			
99	F	20	162	49.5	内蒙古	内蒙古	中小城市	20	00	07	00	21	30	06	30	23	30	08	00	1	0	N	3	N	N	N			
100	F	18	167	56	河北	河北	中小城市	21	00	7	00	22	00	6	00	23	00	6	30	15	0	Y	2	Y	Y	N			
101	F	23	158	50	河北	河北	农村		20	00	7	00	22	00	5	00	22	00	7	00	4	1	N	2	N	N	N			
102	F	18	167	52	北京	北京	大城市		21	00	7	00	23	30	6	30	24	00	7	00	3	1	Y	1	Y	Y	Y			
103	M	23	178	74	甘肃	甘肃	农村		21	00	6	30	22	30	6	30	23	30	8	30	0	1	N	2	N	N	N			
104	M	17	170	64	四川	四川	农村		21	30	8	00	23	30	6	50	23	30	7	00	3	1	N	1	N	N	N			
105	M	22	175	80	安徽	安徽	农村		21	15	06	30	23	15	06	00	24	15	07	15	23	1	N	1	N	N	N			
106	M	17	168	70	湖南	湖南	农村		21	00	7	00	22	00	6	00	23	30	6	30	3	3	N	1	N	N	N			
107	F	18	167	55	陕西	陕西	中小城市	20	00	7	00	22	00	7	00	24	00	7	00	345	0	N	2	Y	Y	N			
108	M	26	173	65	山东	山东	中小城市	21	00	06	00	22	00	05	00	23	00	07	00	34	3	Y	1	Y	Y	Y			
109	F	19	162	56	吉林	吉林	中小城市	21	00	7	00	22	00	6	30	23	00	6	00	25	1	Y	1	N	Y	N			
110	M	18	170	66	山东	北京	中小城市	20	30	6	30	22	30	6	10	22	00	6	30	5	2	Y	1	Y	Y	N			
111	F	21	158	52	北京	山西	中小城市	22	00	7	00	23	30	6	00	24	00	7	30	234	1	Y	3	Y	Y	Y			
112	F	22	160	50	重庆	四川	中小城市	21	00	7	00	22	30	6	30	23	00	7	30	34	1	N	1	Y	Y	N			
113	M	21	187	66	安徽	北京	农村		20	00	07	00	23	00	6	00	24	00	10	00	25	1	N	1	Y	Y	Y			
114	F	18	160	41	山东	山东	农村		21	30	08	00	22	00	05	30	24	00	07	00	5	1	N	2	N	Y	N			
115	M	19	172	65	四川	四川	中小城市	20	30	8	00	22	00	7	00	24	00	7	00	3	1	N	1	Y	Y	N			
116	M	18	168	50	吉林	北京	农村		18	00	6	00	23	30	6	00	23	30	6	00	2	2	N	1	N	Y	Y			
117	M	18	176	59	甘肃	甘肃	农村		21	00	7	30	23	30	6	00	24	00	6	30	12	1	N	2	N	Y	Y			
118	M	18	173	60	湖南	北京	农村		21	00	7	00	23	00	6	00	23	30	6	20	3	1	N	1	N	N	N			
119	M	19	175	66	山东	山东	农村		21	00	07	00	22	00	06	00	23	30	06	00	245	3	Y	2	Y	Y	N			
120	M	19	170	51	甘肃	甘肃	农村		22	00	07	00	23	00	06	50	23	00	07	00	5	0	N	2	N	N	N			
121	M	19	171	80	江西	江西	农村		20	00	8	00	22	00	7	00	23	30	7	00	3	0	Y	3	N	N	N			
122	M	18	171	52	湖南	北京	农村		21	00	6	00	21	50	5	50	23	40	6	30	3	3	Y	1	N	Y	N			
123	M	22	175	65	安徽	安徽	农村		22	00	7	00	23	00	7	00	24	00	8	00	3	1	N	1	N	N	Y			
124	F	20	165	49	江西	江西	农村		21	30	07	20	23	20	05	50	24	30	07	40	23	0	N	1	N	N	N			
125	M	20	182	71	河南	河南	农村		21	00	7	00	23	00	5	00	23	00	7	00	1	0	N	1	N	N	N			
126	F	20	170	57	广东	北京	大城市		22	00	7	00	23	00	6	20	24	30	9	00	0	3	N	1	Y	Y	N			
127	F	20	157	53	广东	广东	中小城市	21	30	06	15	23	00	06	30	24	00	09	30	15	3	N	1	N	N	N			
128	F	21	173	60	山东	山东	农村		20	00	7	00	22	00	6	00	24	00	6	00	34	3	Y	2	Y	Y	Y			
129	F	20	160	48	广西	广西	中小城市	21	30	6	30	22	30	7	00	1	00	7	30	1345	1	N	1	Y	N	N			
130	F	21	163	62	甘肃	甘肃	中小城市	22	00	6	30	23	00	6	30	0	00	7	30	2345	3	Y	1	Y	Y	N			
131	M	21	172	65	山东	山东	农村		21	00	6	30	23	00	5	30	23	30	6	30	0	3	Y	3	Y	Y	Y			
132	F	21	160	51	山东	山东	中小城市	21	30	6	30	23	00	5	30	0	00	8	00	23	1	Y	3	Y	N	N			
133	F	19	155	51	河南	河南	中小城市	21	00	6	30	23	50	6	00	1	00	7	10	23	1	N	2	Y	N	Y			
134	M	22	183	65	湖北	湖北	大城市		22	00	7	30	22	15	6	45	0	00	8	00	1	3	N	1	Y	Y	N			
135	F	21	172	54	安徽	安徽	农村		20	00	8	00	23	00	6	00	0	00	7	30	234	1	N	3	Y	Y	N			
136	M	23	156	51	江西	江西	农村		21	00	7	00	23	00	7	00	23	30	7	20	23	1	Y	1	N	Y	Y			
137	F	21	168	50	北京	北京	农村		20	00	6	30	23	00	5	30	0	00	7	30	345	3	Y	1	N	N	N			
138	F	22	169	45	湖北	北京	农村		21	00	6	30	22	00	5	30	23	00	7	20	34	1	N	1	N	N	N			
139	F	21	160	44	河北	北京	中小城市	21	00	7	00	23	00	5	30	0	00	7	30	24	1	N	3	N	Y	N			
140	M	22	175	75	河南	河南	农村		20	30	8	00	21	30	6	00	23	30	2	00	2	3	N	2	N	N	N			
141	M	22	176	63	河南	辽宁	农村		22	00	7	00	22	00	6	00	23	30	8	00	1	3	Y	2	N	N	Y			
142	M	23	174	60	河南	河南	农村		20	30	6	30	22	30	5	45	23	15	7	30	15	0	Y	2	N	N	Y			
143	M	19	165	50	河南	河南	农村		20	30	6	00	22	30	5	30	23	30	7	00	2	1	N	1	Y	Y	N			
144	F	22	158	42	河南	河南	中小城市	20	00	6	30	24	00	5	38	23	30	6	15	2345	2	Y	2	N	N	Y			
145	M	21	168	60	河南	河南	农村		21	00	6	30	22	30	5	30	0	00	7	30	35	1	N	3	Y	N	N			
146	M	21	165	56	河南	河南	农村		21	00	6	00	22	30	5	30	0	0	7	30	3	0	N	2	N	Y	N			
																	0												
